Model Name: models/model-best-303f

Average Scores:
---------------------------
Mean Precision Scores:
ADE : 0.37862778247393625
DOSAGE : 0.8529285367099124
DRUG : 0.8913623418387896
DURATION : 0.6482901460679238
FORM : 0.8820843689168376
FREQUENCY : 0.6926536464640064
REASON : 0.6233025403379509
ROUTE : 0.9431232705582259
STRENGTH : 0.933043044609385
---------------------------
Mean Recall Scores:
ADE : 0.25329444552817326
DOSAGE : 0.8836192798175793
DRUG : 0.8871871146960773
DURATION : 0.5115079365079365
FORM : 0.8472328140489036
FREQUENCY : 0.7139948097393091
REASON : 0.4667913000309065
ROUTE : 0.9058677651675804
STRENGTH : 0.9179443461293236
---------------------------
Mean F1 Scores:
ADE : 0.2759334184825601
DOSAGE : 0.861894030213684
DRUG : 0.8880620627887477
DURATION : 0.5510990828746818
FORM : 0.8560664021754788
FREQUENCY : 0.7012348153804926
REASON : 0.5135680091548299
ROUTE : 0.9198848274243653
STRENGTH : 0.9235545767914976
---------------------------
Mean Accuracy of test result: 80.89974757893164
